(Allerton,[(11305944,1)])
(Arverne,[(9040879,2), (22591516,1), (19866189,1)])
(Astoria,[(49620552,3), (3250450,2), (2736755,2)])
(Battery Park City,[(52950465,1), (50520440,1), (50540315,1)])
(Bay Ridge,[(27634654,2), (50828435,1), (50762019,1)])
(Baychester,[(57165692,1)])
(Bayside,[(73445541,1), (10135994,1)])
(Bedford-Stuyvesant,[(68787921,3), (14933972,3), (60346942,3)])
(Belle Harbor,[(65096495,1)])
(Bensonhurst,[(69977115,2), (75793151,1), (31628863,1)])
(Bergen Beach,[(66810906,1)])
(Boerum Hill,[(16437254,2), (64098159,1), (10474877,1)])
(Borough Park,[(61393656,1), (43192686,1), (62915940,1)])
(Brighton Beach,[(46798824,1), (62535444,1), (6909591,1)])
(Bronxdale,[(52228249,1), (55618434,1)])
(Brooklyn Heights,[(6555513,2), (15239567,1), (14521821,1)])
(Brownsville,[(72318418,1), (47784768,1), (66513544,1)])
(Bushwick,[(41616878,4), (73737053,3), (50600973,3)])
(Cambria Heights,[(48671504,1), (14798138,1)])
(Canarsie,[(36579485,2), (75730551,1), (63291733,1)])
(Carroll Gardens,[(72701423,1), (5238157,1), (40306612,1)])
(Castleton Corners,[(10721093,1)])
(Chelsea,[(22541573,10), (16677326,4), (23863809,2)])
(Chinatown,[(6980995,2), (53308963,2), (36054372,1)])
(City Island,[(56714504,1)])
(Civic Center,[(6980995,2), (9059810,1), (8243103,1)])
(Claremont Village,[(2988712,2)])
(Clifton,[(68252461,1), (25059970,1), (80470317,1)])
(Clinton Hill,[(10366292,3), (54378184,2), (38068387,2)])
(Cobble Hill,[(124866,1), (4337162,1), (3302537,1)])
(Columbia St,[(37820765,1), (14611780,1), (347475,1)])
(Concord,[(13373889,1), (43392243,1)])
(Concourse,[(73831041,1), (69668616,1), (5944946,1)])
(Concourse Village,[(58857198,1), (11017415,1)])
(Corona,[(51278789,2), (5261297,1), (35660592,1)])
(Crown Heights,[(116382,4), (70058270,3), (60059749,2)])
(Cypress Hills,[(66309874,3), (9346894,2), (48764969,1)])
(DUMBO,[(75739500,1)])
(Ditmars Steinway,[(16823940,2), (49568280,2), (61962183,1)])
(Downtown Brooklyn,[(5397742,1), (1642326,1), (5777244,1)])
(Dyker Heights,[(73857837,1), (50045329,1), (11904916,1)])
(East Elmhurst,[(37312959,2), (53199312,1), (4348515,1)])
(East Flatbush,[(77778146,3), (47351539,2), (34991003,2)])
(East Harlem,[(66807700,2), (74330820,2), (50638417,2)])
(East New York,[(74179880,2), (44547688,1), (7775937,1)])
(East Village,[(5904463,4), (2856748,3), (4534893,3)])
(Edgemere,[(73190364,1), (53206623,1)])
(Elmhurst,[(17638424,5), (69427329,3), (15640532,1)])
(Far Rockaway,[(26377263,1), (52793525,1)])
(Fieldston,[(55395596,1)])
(Financial District,[(16098958,8), (22541573,3), (23335662,1)])
(Flatbush,[(42605385,3), (11095923,2), (756173,2)])
(Flatiron District,[(22627365,1), (4027856,1), (63407204,1)])
(Flatlands,[(39261381,1), (45197707,1), (20583125,1)])
(Flushing,[(65809485,7), (27673980,3), (17861935,1)])
(Fordham,[(11070120,1), (79752355,1), (71552588,1)])
(Forest Hills,[(68848703,2), (56878925,1), (62001039,1)])
(Fort Greene,[(10273704,2), (26377263,2), (45451107,1)])
(Fort Hamilton,[(16209547,1), (68733807,1), (70686576,1)])
(Fresh Meadows,[(10590166,1)])
(Gowanus,[(33213436,2), (9603086,1), (50988308,1)])
(Gramercy,[(16098958,3), (2017504,2), (22541573,2)])
(Gravesend,[(2787,2), (21986616,1), (55813598,1)])
(Greenpoint,[(47554473,13), (10677584,3), (15817123,2)])
(Greenwich Village,[(61391963,3), (7655328,2), (4025420,2)])
(Harlem,[(51991283,5), (50448556,5), (2571641,3)])
(Hell's Kitchen,[(30283594,29), (51501835,16), (61391963,7)])
(Howland Hook,[(79505257,1)])
(Inwood,[(7141050,2), (59345189,1), (40733633,1)])
(Jackson Heights,[(66269338,4), (51531044,3), (21216008,2)])
(Jamaica,[(51688993,2), (52997121,1), (69866168,1)])
(Jamaica Estates,[(46502890,1)])
(Kensington,[(14898658,2), (292084,1), (3341869,1)])
(Kew Gardens,[(34861728,3), (63560790,2), (19067539,1)])
(Kew Gardens Hills,[(55829442,1)])
(Kingsbridge,[(24789838,1), (61699814,1), (56775169,1)])
(Kips Bay,[(61391963,8), (5707158,2), (3191545,2)])
(Laurelton,[(45601111,1)])
(Little Italy,[(39890192,2), (61391963,2), (11068351,1)])
(Long Island City,[(31534322,3), (54235059,1), (6650002,1)])
(Longwood,[(13750728,4), (29510402,2), (51329030,1)])
(Lower East Side,[(39528519,3), (15231059,3), (56752163,2)])
(Manhattan Beach,[(62535444,1), (72542338,1), (17770598,1)])
(Marble Hill,[(50318467,1), (76397212,1), (4964682,1)])
(Maspeth,[(68139551,3), (59996301,1), (79298323,1)])
(Melrose,[(17548437,1), (33862021,1)])
(Middle Village,[(16782573,2), (50997424,1)])
(Midland Beach,[(53894093,1)])
(Midtown,[(30283594,26), (50760546,13), (61391963,10)])
(Midwood,[(47341341,1), (9372363,1), (55060863,1)])
(Morningside Heights,[(71886811,3), (24919557,1), (18419593,1)])
(Morris Heights,[(45990565,1), (51430742,1)])
(Mott Haven,[(20271650,1), (64976141,1), (64678583,1)])
(Mount Hope,[(971075,1)])
(Murray Hill,[(50760546,8), (22541573,5), (2856748,3)])
(New Brighton,[(53627900,1)])
(NoHo,[(50760546,2), (49967558,1), (55425653,1)])
(Nolita,[(51913826,3), (8457214,2), (52031473,1)])
(Norwood,[(63256824,1)])
(Ozone Park,[(15145474,2), (52267190,1), (19878684,1)])
(Park Slope,[(10262436,1), (486147,1), (55261821,1)])
(Parkchester,[(52196858,2), (69711528,1), (53717769,1)])
(Pelham Bay,[(50742613,1)])
(Pelham Gardens,[(55948559,1), (23732730,1), (69548489,1)])
(Port Morris,[(75275467,4)])
(Prospect Heights,[(344035,6), (16437254,2), (67884746,1)])
(Prospect-Lefferts Gardens,[(29013448,2), (9361557,2), (24743701,2)])
(Queens Village,[(56758927,1)])
(Red Hook,[(17598715,1), (29210997,1), (3752933,1)])
(Rego Park,[(6741942,1), (56984176,1), (64355945,1)])
(Richmond Hill,[(50735735,1), (22420999,1), (15089968,1)])
(Richmondtown,[(71312760,1)])
(Ridgewood,[(4386682,3), (59928816,2), (50997424,1)])
(Riverdale,[(50132533,1), (4187747,1), (64170911,1)])
(Rockaway Beach,[(1106731,1), (61945871,1), (71717596,1)])
(Roosevelt Island,[(16869971,2), (39093118,1), (46846064,1)])
(Rosedale,[(50331556,1), (52573647,1), (74044417,1)])
(Schuylerville,[(80061565,1)])
(Sea Gate,[(52474491,3)])
(Sheepshead Bay,[(15163256,2), (14018666,1), (10633027,1)])
(SoHo,[(12485770,2), (8255336,2), (7539044,2)])
(Soundview,[(16234492,1)])
(South Ozone Park,[(47351539,1), (69632344,1)])
(South Slope,[(43438475,2), (923791,2), (42413378,2)])
(Springfield Gardens,[(20134231,2), (52539349,1)])
(Spuyten Duyvil,[(60501531,1)])
(St. Albans,[(14785032,1)])
(St. George,[(2464187,1)])
(Stapleton,[(50068597,2)])
(Sunnyside,[(58234433,2), (14498263,1), (206337,1)])
(Sunset Park,[(28370925,4), (52577563,2), (50292584,2)])
(Theater District,[(30283594,7), (16098958,3), (22541573,3)])
(Throgs Neck,[(69546772,1)])
(Tompkinsville,[(3156684,1), (15523,1), (70537782,1)])
(Tottenville,[(56078939,1), (65806798,1)])
(Tremont,[(75506967,1), (74489237,1)])
(Tribeca,[(22541573,2), (6569229,1), (50539403,1)])
(Two Bridges,[(2495361,1), (18978289,1), (17259339,1)])
(University Heights,[(75398380,1)])
(Upper East Side,[(22541573,7), (61391963,7), (2856748,6)])
(Upper West Side,[(16098958,11), (5162192,6), (22541573,2)])
(Vinegar Hill,[(17782625,1), (5251483,1), (32128412,1)])
(Wakefield,[(11761831,1), (57885474,1), (69507287,1)])
(Washington Heights,[(26405086,3), (25237492,3), (43128266,3)])
(West Village,[(22541573,2), (16098958,2), (57786447,1)])
(Williamsbridge,[(75030399,1), (73126926,1), (57954654,1)])
(Williamsburg,[(1909320,3), (31651673,3), (17646340,2)])
(Windsor Terrace,[(70181422,4), (26535250,2), (836911,2)])
(Woodhaven,[(62843071,3), (50064597,1), (52577963,1)])
(Woodlawn,[(79340220,1)])
(Woodside,[(35494734,2), (62978797,1), (697477,1)])
