(Allerton,[(11305944,1)])
(Arverne,[(9040879,2), (55532612,1), (79341807,1)])
(Astoria,[(49620552,3), (3250450,2), (2736755,2)])
(Battery Park City,[(50520440,1), (50540315,1), (55982547,1)])
(Bay Ridge,[(27634654,2), (50762019,1), (20907184,1)])
(Baychester,[(57165692,1)])
(Bayside,[(10135994,1), (73445541,1)])
(Bedford-Stuyvesant,[(14933972,3), (60346942,3), (68787921,3)])
(Belle Harbor,[(65096495,1)])
(Bensonhurst,[(69977115,2), (75793151,1), (31628863,1)])
(Bergen Beach,[(66810906,1)])
(Boerum Hill,[(16437254,2), (33656032,1), (64098159,1)])
(Borough Park,[(11452065,1), (61393656,1), (43192686,1)])
(Brighton Beach,[(46798824,1), (62535444,1), (6909591,1)])
(Bronxdale,[(52228249,1), (55618434,1)])
(Brooklyn Heights,[(6555513,2), (15239567,1), (6671270,1)])
(Brownsville,[(47784768,1), (49522403,1), (66513544,1)])
(Bushwick,[(41616878,4), (50600973,3), (73737053,3)])
(Cambria Heights,[(48671504,1), (14798138,1)])
(Canarsie,[(36579485,2), (75730551,1), (56726605,1)])
(Carroll Gardens,[(8871082,1), (48880382,1), (766920,1)])
(Castleton Corners,[(10721093,1)])
(Chelsea,[(22541573,10), (16677326,4), (47577639,2)])
(Chinatown,[(53308963,2), (6980995,2), (36054372,1)])
(City Island,[(56714504,1)])
(Civic Center,[(6980995,2), (6917811,1), (1516947,1)])
(Claremont Village,[(2988712,2)])
(Clifton,[(25059970,1), (68252461,1), (80470317,1)])
(Clinton Hill,[(10366292,3), (38068387,2), (54378184,2)])
(Cobble Hill,[(8190806,1), (672573,1), (4337162,1)])
(Columbia St,[(37820765,1), (1639309,1), (1520623,1)])
(Concord,[(43392243,1), (13373889,1)])
(Concourse,[(73831041,1), (5944946,1), (785524,1)])
(Concourse Village,[(58857198,1), (11017415,1)])
(Corona,[(51278789,2), (5261297,1), (35660592,1)])
(Crown Heights,[(116382,4), (70058270,3), (60059749,2)])
(Cypress Hills,[(66309874,3), (9346894,2), (48764969,1)])
(DUMBO,[(75739500,1)])
(Ditmars Steinway,[(49568280,2), (16823940,2), (1172202,1)])
(Downtown Brooklyn,[(1642326,1), (46980935,1), (26867230,1)])
(Dyker Heights,[(73857837,1), (50045329,1), (11904916,1)])
(East Elmhurst,[(37312959,2), (53199312,1), (60077920,1)])
(East Flatbush,[(77778146,3), (34991003,2), (47351539,2)])
(East Harlem,[(66807700,2), (74330820,2), (9848712,2)])
(East New York,[(74179880,2), (14590096,1), (44547688,1)])
(East Village,[(5904463,4), (4534893,3), (2856748,3)])
(Edgemere,[(73190364,1), (53206623,1)])
(Elmhurst,[(17638424,5), (69427329,3), (28121352,1)])
(Far Rockaway,[(26377263,1), (52793525,1)])
(Fieldston,[(55395596,1)])
(Financial District,[(16098958,8), (22541573,3), (379827,1)])
(Flatbush,[(42605385,3), (11095923,2), (37821056,2)])
(Flatiron District,[(22627365,1), (4027856,1), (3490622,1)])
(Flatlands,[(45197707,1), (20583125,1), (69236458,1)])
(Flushing,[(65809485,7), (27673980,3), (53450065,1)])
(Fordham,[(11070120,1), (71211231,1), (79752355,1)])
(Forest Hills,[(68848703,2), (49879147,1), (2204011,1)])
(Fort Greene,[(10273704,2), (26377263,2), (1362963,1)])
(Fort Hamilton,[(70686576,1), (49413208,1), (16209547,1)])
(Fresh Meadows,[(10590166,1)])
(Gowanus,[(33213436,2), (50988308,1), (15835554,1)])
(Gramercy,[(16098958,3), (22541573,2), (2017504,2)])
(Gravesend,[(2787,2), (55813598,1), (72101538,1)])
(Greenpoint,[(47554473,13), (10677584,3), (15817123,2)])
(Greenwich Village,[(61391963,3), (4025420,2), (7655328,2)])
(Harlem,[(50448556,5), (51991283,5), (2571641,3)])
(Hell's Kitchen,[(30283594,29), (51501835,16), (61391963,7)])
(Howland Hook,[(79505257,1)])
(Inwood,[(7141050,2), (73459264,1), (5677896,1)])
(Jackson Heights,[(66269338,4), (51531044,3), (67261284,2)])
