(Jamaica,[(51688993,2), (69866168,1), (60145132,1)])
(Jamaica Estates,[(46502890,1)])
(Kensington,[(14898658,2), (5245797,1), (3411196,1)])
(Kew Gardens,[(34861728,3), (63560790,2), (19067539,1)])
(Kew Gardens Hills,[(55829442,1)])
(Kingsbridge,[(24789838,1), (61699814,1), (56775169,1)])
(Kips Bay,[(61391963,8), (3191545,2), (5707158,2)])
(Laurelton,[(45601111,1)])
(Little Italy,[(39890192,2), (61391963,2), (3582774,1)])
(Long Island City,[(31534322,3), (9995094,1), (1722054,1)])
(Longwood,[(13750728,4), (29510402,2), (51329030,1)])
(Lower East Side,[(39528519,3), (15231059,3), (56752163,2)])
(Manhattan Beach,[(62535444,1), (72542338,1), (17770598,1)])
(Marble Hill,[(50318467,1), (76397212,1), (4964682,1)])
(Maspeth,[(68139551,3), (59996301,1), (8896489,1)])
(Melrose,[(17548437,1), (33862021,1)])
(Middle Village,[(16782573,2), (50997424,1)])
(Midland Beach,[(53894093,1)])
(Midtown,[(30283594,26), (50760546,13), (61391963,10)])
(Midwood,[(9372363,1), (37425564,1), (16951458,1)])
(Morningside Heights,[(71886811,3), (18419593,1), (51743699,1)])
(Morris Heights,[(45990565,1), (51430742,1)])
(Mott Haven,[(64678583,1), (20271650,1), (64976141,1)])
(Mount Hope,[(971075,1)])
(Murray Hill,[(50760546,8), (22541573,5), (2856748,3)])
(New Brighton,[(53627900,1)])
(NoHo,[(50760546,2), (55425653,1), (49967558,1)])
(Nolita,[(51913826,3), (8457214,2), (2574856,1)])
(Norwood,[(63256824,1)])
(Ozone Park,[(15145474,2), (52267190,1), (19878684,1)])
(Park Slope,[(40040638,1), (10262436,1), (16919131,1)])
(Parkchester,[(52196858,2), (69711528,1), (53717769,1)])
(Pelham Bay,[(50742613,1)])
(Pelham Gardens,[(23732730,1), (55948559,1), (69548489,1)])
(Port Morris,[(75275467,4)])
(Prospect Heights,[(344035,6), (16437254,2), (67884746,1)])
(Prospect-Lefferts Gardens,[(9361557,2), (29013448,2), (24743701,2)])
(Queens Village,[(56758927,1)])
(Red Hook,[(3752933,1), (17598715,1), (20408271,1)])
(Rego Park,[(6741942,1), (24489871,1), (56984176,1)])
(Richmond Hill,[(22420999,1), (50735735,1), (15089968,1)])
(Richmondtown,[(71312760,1)])
(Ridgewood,[(4386682,3), (59928816,2), (75020731,1)])
(Riverdale,[(50132533,1), (4187747,1), (64170911,1)])
(Rockaway Beach,[(61945871,1), (54129736,1), (71717596,1)])
(Roosevelt Island,[(16869971,2), (54074445,1), (39093118,1)])
(Rosedale,[(50331556,1), (74044417,1), (65625445,1)])
(Schuylerville,[(80061565,1)])
(Sea Gate,[(52474491,3)])
(Sheepshead Bay,[(15163256,2), (34758340,1), (66440767,1)])
(SoHo,[(12485770,2), (8255336,2), (7539044,2)])
(Soundview,[(16234492,1)])
(South Ozone Park,[(47351539,1), (69632344,1)])
(South Slope,[(923791,2), (43438475,2), (42413378,2)])
(Springfield Gardens,[(20134231,2), (52539349,1)])
(Spuyten Duyvil,[(60501531,1)])
(St. Albans,[(14785032,1)])
(St. George,[(2464187,1)])
(Stapleton,[(50068597,2)])
(Sunnyside,[(58234433,2), (634195,1), (57289930,1)])
(Sunset Park,[(28370925,4), (52577563,2), (50292584,2)])
(Theater District,[(30283594,7), (22541573,3), (16098958,3)])
(Throgs Neck,[(69546772,1)])
(Tompkinsville,[(50068597,1), (3156684,1), (15523,1)])
(Tottenville,[(65806798,1), (56078939,1)])
(Tremont,[(75506967,1), (74489237,1)])
(Tribeca,[(22541573,2), (6569229,1), (12573771,1)])
(Two Bridges,[(6980995,1), (10558652,1), (17259339,1)])
(University Heights,[(75398380,1)])
(Upper East Side,[(22541573,7), (61391963,7), (2856748,6)])
(Upper West Side,[(16098958,11), (5162192,6), (65364483,2)])
(Vinegar Hill,[(5251483,1), (32128412,1), (17782625,1)])
(Wakefield,[(47573846,1), (11761831,1), (57885474,1)])
(Washington Heights,[(25237492,3), (43128266,3), (26405086,3)])
(West Village,[(22541573,2), (16098958,2), (36435055,1)])
(Williamsbridge,[(75030399,1), (73126926,1), (57954654,1)])
(Williamsburg,[(1909320,3), (31651673,3), (48170471,2)])
(Windsor Terrace,[(70181422,4), (26535250,2), (836911,2)])
(Woodhaven,[(62843071,3), (52577963,1), (50064597,1)])
(Woodlawn,[(79340220,1)])
(Woodside,[(35494734,2), (697477,1), (4326776,1)])
